# Gene expression data was manually curated by searching for the duplicated Entrez ID at https://www.ncbi.nlm.nih.gov/gene/, and keeping the row with Hugo_symbol corresponding to the "Official symbol" in the search result. If the official symbol does not match any of the listed Hugo_symbols, matches found in the "Also known as:" field are used (if several of the possible gene names are found in the "Also known as:" field, whichever comes first in the list is kept). If no matches are found at this point, all rows for the duplicated gene are removed.
# This curation is based on METABRIC-data downloaded on 28.03.2019, files last modified 19.02.2019. If different files are used, this manual curation may need to be repeated, or at least verified.


rowsToRemove <- c(1907, #Entrez 84268
                  291,  #Entrez 172
                  1620, #Entrez 389634; all incorrect
                  1967, #Entrez 389634; all incorrect
                  17384, #Entrez 389634; all incorrect
                  2104, #Entrez 51312
                  1360, #Entrez 25873
                  2338, #Entrez 51237
                  2408, #Entrez 57460
                  2086, #Entrez 387590
                  3340, #Entrez 728656
                  3494, #Entrez 22897
                  2068, #Entrez 23521
                  3605, #Entrez 23521
                  8943, #Entrez 23521
                  9191, #Entrez 23521
                  9382, #Entrez 23521
                  419, #Entrez 5959
                  3115, #Entrez 374666
                  4017, #Entrez 374666
                  18259, #Entrez 374666
                  3444, #Entrez 5379
                  4041, #Entrez 5379
                  252, #Entrez 730094
                  3035, #Entrez 6638
                  4294, #Entrez 6638
                  11415, #Entrez 6638
                  3772, #Entrez 548593
                  981, #Entrez 552900
                  1264, #Entrez 81557
                  4437, #Entrez 653203; all incorrect
                  4767, #Entrez 653203; all incorrect
                  3938, #Entrez 55073
                  4828, #Entrez 80895
                  533, #Entrez 4745
                  4984, #Entrez 64853
                  5125, #Entrez 7258
                  141, #Entrez 4584
                  5401, #Entrez 26013
                  2543, #Entrez 284861; all incorrect
                  5432, #Entrez 284861; all incorrect
                  4240, #Entrez 407738
                  5647, #Entrez 57035
                  85, #Entrez 283970; all incorrect
                  5648, #Entrez 283970; all incorrect
                  5816, #Entrez 115352
                  1072, #Entrez 727956
                  6584, #Entrez 729096
                  2781, #Entrez 60312
                  40, #Entrez 6130
                  6971, #Entrez 6130
                  7024, #Entrez 23530
                  524, #Entrez 28517; all incorrect
                  7031, #Entrez 28517; all incorrect
                  11962, #Entrez 28517; all incorrect
                  12776, #Entrez 28517; all incorrect
                  13901, #Entrez 28517; all incorrect
                  16694, #Entrez 28517; all incorrect
                  16866, #Entrez 28517; all incorrect
                  7048, #Entrez 332
                  2355, #Entrez 92105
                  2136, #Entrez 161725
                  1035, #Entrez 285097; all incorrect
                  7127, #Entrez 285097; all incorrect
                  600, #Entrez 402483
                  7197, #Entrez 402483
                  7211, #Entrez 63895
                  7239, #Entrez 114817
                  10153, #Entrez 114817
                  3551, #Entrez 5026
                  7406, #Entrez 51119
                  7413, #Entrez 260294
                  1989, #Entrez 338799; all incorrect
                  7426,  #Entrez 338799; all incorrect
                  7508, #Entrez 4830
                  6074, #Entrez 57492
                  7545, #Entrez 57492
                  5288, #Entrez 54540
                  3526, #Entrez 117584
                  396, #Entrez 729264
                  7462, #Entrez 390538
                  8019, #Entrez 3206
                  5914, #Entrez 284800
                  8090, #Entrez 23380
                  8349, #Entrez 80832
                  8360, #Entrez 23266
                  1280, #Entrez 349196
                  8403, #Entrez 349196
                  11960, #Entrez 349196
                  8487, #Entrez 56895
                  5139, #Entrez 374650; all incorrect
                  8610, #Entrez 374650; all incorrect
                  16229, #Entrez 374650; all incorrect
                  5830, #Entrez 284942; all incorrect
                  8639, #Entrez 284942; all incorrect
                  18029, #Entrez 284942; all incorrect
                  8713, #Entrez 65065
                  7585, #Entrez 51561
                  8760, #Entrez 51561
                  9542, #Entrez 51561
                  17697, #Entrez 51561
                  8890, #Entrez 27185
                  8605, #Entrez 100288805; all incorrect
                  9036, #Entrez 100288805; all incorrect
                  9172, #Entrez 84818
                  4029, #Entrez 8386
                  7838, #Entrez 837
                  4966, #Entrez 23150
                  9341, #Entrez 159163
                  9397, #Entrez 6189
                  9366, #Entrez 51750
                  9469, #Entrez 728588
                  9580, #Entrez 6757
                  7894, #Entrez 653361
                  9841, #Entrez 2790
                  1462, #Entrez 115557
                  9864, #Entrez 55672
                  9880, #Entrez 152519
                  9888, #Entrez 7341
                  9911, #Entrez 9859
                  2064, #Entrez 57234; all incorrect
                  9942, #Entrez 57234; all incorrect
                  5100, #Entrez 11039
                  10065, #Entrez 8123
                  10096, #Entrez 645426
                  11524, #Entrez 645426
                  10222, #Entrez 63915
                  1638, #Entrez 100288974; all incorrect
                  10228, #Entrez 100288974; all incorrect
                  1875, #Entrez 4046
                  2976, #Entrez 1196
                  10362, #Entrez 84629
                  8444, #Entrez 3838
                  3096, #Entrez 6124
                  10740, #Entrez 91409
                  10829, #Entrez 6167
                  9344, #Entrez 6625
                  5206, #Entrez 10734
                  798, #Entrez 56117
                  10973, #Entrez 5325
                  10016, #Entrez 55668; all incorrect
                  10981, #Entrez 55668; all incorrect
                  11015, #Entrez 4493
                  10293, #Entrez 55125
                  11223, #Entrez 728441
                  8264, #Entrez 401357; all incorect
                  11228, #Entrez 401357; all incorect
                  4129, #Entrez 642477; all incorrect
                  11229, #Entrez 642477; all incorrect
                  2657, #Entrez 5046
                  11375, #Entrez 653784
                  11420, #Entrez 643008
                  7182, #Entrez 1198
                  10692, #Entrez 347127; all incorrect
                  11534, #Entrez 347127; all incorrect
                  11557, #Entrez 55695
                  11580, #Entrez 1270
                  1099, #Entrez 3543
                  11695, #Entrez 441425
                  7852, #Entrez 23042
                  4701, #Entrez 92002
                  1596, #Entrez 83658
                  4495, #Entrez 9374
                  13054, #Entrez 9374
                  12046, #Entrez 11130
                  6459, #Entrez 284001
                  1985, #Entrez 6150
                  7617, #Entrez 81554
                  11033, #Entrez 6147
                  5627, #Entrez 26873
                  12492, #Entrez 96626
                  12500, #Entrez 55027
                  12525, #Entrez 56981
